function out1 = dyn_subject3_TIPM_BFFFB_backwards(t,in2,in3)
%DYN_SUBJECT3_TIPM_BFFFB_BACKWARDS
%    OUT1 = DYN_SUBJECT3_TIPM_BFFFB_BACKWARDS(T,IN2,IN3)

%    This function was generated by the Symbolic Math Toolbox version 8.2.
%    25-Jun-2019 22:36:24

u1 = in3(1,:);
u2 = in3(2,:);
u3 = in3(3,:);
u4 = in3(4,:);
u5 = in3(5,:);
u6 = in3(6,:);
u7 = in3(7,:);
u8 = in3(8,:);
u9 = in3(9,:);
u10 = in3(10,:);
u11 = in3(11,:);
u12 = in3(12,:);
u13 = in3(13,:);
u14 = in3(14,:);
x1 = in2(1,:);
x2 = in2(2,:);
x3 = in2(3,:);
x4 = in2(4,:);
out1 = [-x2;u6.*(-8.752888453189553e-3)-u7.*8.752888453189553e-3-u2.*x1.*1.750577690637911e-2-u3.*x2.*1.750577690637911e-2-u4.*x3.*1.750577690637911e-2-u5.*x4.*1.750577690637911e-2-u1.*(u6./2.0-u7./2.0).*1.750577690637911e-2;-x4;u13.*(-8.752888453189553e-3)-u14.*8.752888453189553e-3-u9.*x1.*1.750577690637911e-2-u10.*x2.*1.750577690637911e-2-u11.*x3.*1.750577690637911e-2-u12.*x4.*1.750577690637911e-2-u8.*(u13./2.0-u14./2.0).*1.750577690637911e-2+9.81e2./1.0e2];
